UTM-SW = 30;U;519892.55162528594;5689731.410038191
UTM-NE = 30;U;548008.4254156871;5709760.02875188
BBOX = 519892.55162528594;5689731.410038191;28115.87379040121;20028.618713689037
